22 serialization::archive 10 0 0 1 1 0
0 0 0 0 0 0 0 26 0 0 0 17708368 15 1 0
1 1 1 0 0 1 1 17708496 15
2 1 30 30 0.1369911462230774 -0.26571286942338512 -0.23997995064496033 -0.072965043683466652 -0.14510861122763283 -0.12076154111082468 -0.097581488428718791 0.43670911640083554 -0.14094781726236397 -0.17178465260210649 -0.16026137223770576 -0.076780580978748708 0.35668630876648239 -0.12915639954600189 0.38809580013045625 -0.13759386656040878 -0.040116029956297081 0.30324937085620096 -0.11149171574983557 -0.43514244843581573 0.53357713133461238 -0.28013632482786227 -0.05928437552136806 0.63021553085916759 -0.14408436074783693 -0.35959269491775325 0.15623478733432869 0.05899330181460815 0.23524205890839048 -0.25773408890360444 17708560 15
3 1 1 1 0 17708752 15
4 1 1 1 0 17708880 15
5 1 1 1 1 17739408 15
6 1 30 30 0.27844842030220468 0.25505779733440048 0.18871764690646045 -0.21106464685588239 -0.016980378403158716 -0.2143640774697429 -0.16124086880249994 -0.1250475266894274 0.26010505135193007 -0.038826718373450954 0.32922211867883805 -0.12278586769835939 0.30505487809571569 0.35490091023540959 -0.069099809695910147 -0.21854283155070753 0.44412814593758582 -0.15640884901793586 -0.024278413569234592 -0.24241684820516285 -0.14089115551280981 -0.31799463334902522 0.39494952314967763 -0.17001049594298995 -0.22680244034764951 0.26006311708356533 -0.26143267273258181 -0.13283442877830098 -0.1628683579210049 -0.10978963948816632 17739472 15
7 1 1 1 0 17739664 15
8 1 1 1 0 23698096 15
9 1 1 1 0 38060368 15
10 1 1 1 0 38060496 15
11 30 1 30 0 0 0 0 0 0 0 0 0 0 0 0 0 0 0 0 0 0 0 0 0 0 0 0 0 0 0 0 0 0 38060624 15
12 30 1 30 0 0 0 0 0 0 0 0 0 0 0 0 0 0 0 0 0 0 0 0 0 0 0 0 0 0 0 0 0 0 38060688 15
13 30 1 30 -10.695657411177944 2.1132915026436701 1.9718430657074886 -6.1609581151053909 5.0748992467512499 -5.5054823369893588 -8.2919184099328582 4.7780047967171466 1.0111792605447933 3.6149047332368474 3.8180874769420026 -6.165377453285048 4.8481249633791199 -33.241706485894618 4.9740073214770124 12.52971520973839 -209.95170374351093 -14.700474248630826 -17.34793005596482 5.7470534747021267 12.090245857729077 2.8109316221035519 -85.669509541648893 -8.7151374949116764 7.6372742253025496 2.9879349760008882 -101.30264155057675 -149.09687272179121 -28.20391592291266 0.7929736586681857 38060752 15
14 30 1 30 0 0 0 0 0 0 0 0 0 0 0 0 0 0 0 0 0 0 0 0 0 0 0 0 0 0 0 0 0 0 38060816 15
15 1 1 1 0.5 38060880 15
16 30 1 30 0 0 0 0 0 0 0 0 0 0 0 0 0 0 0 0 0 0 0 0 0 0 0 0 0 0 0 0 0 0 38061008 15
17 30 1 30 19.412147026688899 -10.76844310658705 -7.6585668847066168 -15.75349715736799 -4.4197078577632212 -30.003490882728123 -33.265384162194096 7.0781306760932701 -6.5255225809230941 -3.6792108681354159 -3.6684464650977491 -20.367331483861069 4.1360935861493937 -48.460459304957418 5.0885030588557365 -11.576037596173085 -219.38119141989006 31.176881362127585 -35.39477048216645 -12.034131158898138 12.195160610170014 -5.6840329099127542 -94.526691140902926 33.2812284480991 -6.7285917952366407 -17.145177097809992 130.83266869511147 158.85566736889444 49.87194490861377 -22.057848297860449 38061264 15
18 1 1 1 0 38061328 15
19 1 1 1 1 46373392 15
20 30 1 30 0 0 0 0 0 0 0 0 0 0 0 0 0 0 0 0 0 0 0 0 0 0 0 0 0 0 0 0 0 0 46373456 15
21 30 1 30 0 0 0 0 0 0 0 0 0 0 0 0 0 0 0 0 0 0 0 0 0 0 0 0 0 0 0 0 0 0 46373520 15
22 30 1 30 15.655409486999316 19.536197698029561 6.0432798255648894 -11.222439165208337 -145.69726222460162 -35.842276084329512 -6.3104035621278705 -8.3411973914123223 20.491944865465758 -93.897403125060492 6.2001962549846921 -91.514300707786916 18.706881423212604 38.721118719111182 -86.676507950923138 -14.325962467766123 15.639185929336586 -17.573550666434461 -263.85520174760177 -13.302647425560204 -16.542978262914229 -42.136483808379325 23.166371222473387 -14.403026014141711 -15.147556449823584 8.6336354211264421 -11.208089691259577 -4.8615953982473128 -14.43193836460064 -6.1547678419977219 46374224 15
23 1 1 1 0 46374608 15
24 30 1 30 0 0 0 0 0 0 0 0 0 0 0 0 0 0 0 0 0 0 0 0 0 0 0 0 0 0 0 0 0 0 46374736 15
25 30 1 30 0 0 0 0 0 0 0 0 0 0 0 0 0 0 0 0 0 0 0 0 0 0 0 0 0 0 0 0 0 0 46374800 15
26 30 1 30 6.0693186319322354 6.5057637836247668 1.7040782108775101 7.4127149542673276 -125.5226101000402 -4.2304933520908419 5.027852093874043 1.5185225765566277 3.993047427258829 -72.324148783270374 6.7455080281583442 -63.569388021904771 -8.1370379787142308 -22.886552521120059 -63.293432642386506 10.435686569342582 15.594024463027925 -0.33629166015190082 -245.32303757661009 13.729051098254645 3.1068027184777218 -22.808258001585845 -2.6999737917394868 -0.56189198494957537 15.9792394288077 0.18726993451298513 -1.9890033867654862 2.8974977153677095 5.3982140849263125 2.004903773892198 0 0 0 0 0 0 18 0 2 1 0
27 0 0 15 3
28 1 1 1 0 0 2
29 15 7
30 1 1 1 0 0 2
31 15 10
32 1 1 1 0 0 3 1 0
33 15 24 15 26 2
34 15 23
35 1 1 1 0 0 3
36 15 11 15 13 5 1 0
37 15 19 15 18 15 23 10537 0 5
38 15 5 15 4 15 23 1283 0 5
39 15 1 15 8 15 10 58860016 0 8 1 0
40 15 15 15 18 15
41 1 1 1 0.18126924692201815 15
42 1 1 1 -0.81873075307798182 4 1 0
43 15 17 15 10 15 11 4
44 15 22 15 23 15 24 6 1 0
45 0.001 1000 0.02 0.002 30 15 24 15 25
46 30 1 30 0 0 0 0 0 0 0 0 0 0 0 0 0 0 0 0 0 0 0 0 0 0 0 0 0 0 0 0 0 0
47 30 1 30 0 0 0 0 0 0 0 0 0 0 0 0 0 0 0 0 0 0 0 0 0 0 0 0 0 0 0 0 0 0
48 30 1 30 0.001 0.001 0.001 0.001 0.001 0.001 0.001 0.001 0.001 0.001 0.001 0.001 0.001 0.001 0.001 0.001 0.001 0.001 0.001 0.001 0.001 0.001 0.001 0.001 0.001 0.001 0.001 0.001 0.001 0.001
49 0 0 0
50 0 0 0
51 30 1 30 1 1 1 1 1 1 1 1 1 1 1 1 1 1 1 1 1 1 1 1 1 1 1 1 1 1 1 1 1 1 6
52 0.001 1000 0.02 0.002 30 15 11 15 12
53 30 1 30 0 0 0 0 0 0 0 0 0 0 0 0 0 0 0 0 0 0 0 0 0 0 0 0 0 0 0 0 0 0
54 30 1 30 0 0 0 0 0 0 0 0 0 0 0 0 0 0 0 0 0 0 0 0 0 0 0 0 0 0 0 0 0 0
55 30 1 30 0.001 0.001 0.001 0.001 0.001 0.001 0.001 0.001 0.001 0.001 0.001 0.001 0.001 0.001 0.001 0.001 0.001 0.001 0.001 0.001 0.001 0.001 0.001 0.001 0.001 0.001 0.001 0.001 0.001 0.001
56 0 0 0
57 0 0 0
58 30 1 30 1 1 1 1 1 1 1 1 1 1 1 1 1 1 1 1 1 1 1 1 1 1 1 1 1 1 1 1 1 1 4
59 15 2 15 12 15 3 4
60 15 6 15 25 15 7 8
61 15 3 15 4 15
62 1 1 1 0.18126924692201815 15
63 1 1 1 -0.81873075307798182 8
64 15 7 15 8 15
65 1 1 1 0.18126924692201815 15
66 1 1 1 -0.81873075307798182 0 0.001 0 0 0 0 0 0 0 0 0 0 0 0 0 0 0 0 0
